{
  "advancedEditorSelectedIdentifier" : "ProjectBrowser",
  "openSceneRelativePaths" : [
    "ConnectableCube.usda"
  ],
  "recentIdentifiers" : {
    "AC50F157-F323-48D6-9EE3-5F293797D0BA" : [

    ],
    "F4F519FB-1820-4063-B64D-05A2946127A2" : [

    ]
  },
  "sceneCameraHistory" : {
    "AC50F157-F323-48D6-9EE3-5F293797D0BA" : [
      {
        "date" : 743593186.052749,
        "title" : "Untitled",
        "transform" : [
          -0.5281091,
          6.9433495e-09,
          0.8491766,
          0,
          0.19117515,
          0.9743287,
          0.1188932,
          0,
          -0.82737714,
          0.22513004,
          -0.5145518,
          0,
          -0.14889234,
          0.06740563,
          -0.122629195,
          1
        ]
      },
      {
        "date" : 743593174.61185,
        "title" : "Untitled",
        "transform" : [
          -0.5281091,
          6.9433495e-09,
          0.8491766,
          0,
          0.19117515,
          0.9743287,
          0.1188932,
          0,
          -0.82737714,
          0.22513004,
          -0.5145518,
          0,
          -0.14663896,
          0.10740562,
          -0.10875152,
          1
        ]
      },
      {
        "date" : 743593170.89073,
        "title" : "Untitled",
        "transform" : [
          -0.528109,
          -1.5841635e-09,
          0.8491766,
          0,
          0.19117516,
          0.9743287,
          0.1188932,
          0,
          -0.82737714,
          0.22513004,
          -0.5145517,
          0,
          -0.032476217,
          0.071972266,
          -0.070107415,
          1
        ]
      },
      {
        "date" : 743593165.479855,
        "title" : "Untitled",
        "transform" : [
          -0.528109,
          -1.5841635e-09,
          0.8491766,
          0,
          0.19117516,
          0.9743287,
          0.1188932,
          0,
          -0.82737714,
          0.22513004,
          -0.5145517,
          0,
          -0.033394277,
          0.0131935645,
          -0.09434839,
          1
        ]
      },
      {
        "date" : 743593161.143864,
        "title" : "Untitled",
        "transform" : [
          -0.528109,
          -1.5841635e-09,
          0.8491766,
          0,
          0.19117516,
          0.9743287,
          0.1188932,
          0,
          -0.82737714,
          0.22513004,
          -0.5145517,
          0,
          -0.019292831,
          0.016633937,
          -0.11551765,
          1
        ]
      },
      {
        "date" : 743593156.527949,
        "title" : "Untitled",
        "transform" : [
          -0.528109,
          -1.5841635e-09,
          0.8491766,
          0,
          0.19117516,
          0.9743287,
          0.1188932,
          0,
          -0.82737714,
          0.22513004,
          -0.5145517,
          0,
          -0.124062575,
          0.01538929,
          0.052403007,
          1
        ]
      },
      {
        "date" : 743593150.322546,
        "title" : "Untitled",
        "transform" : [
          -0.528109,
          -1.5841635e-09,
          0.8491766,
          0,
          0.19117516,
          0.9743287,
          0.1188932,
          0,
          -0.82737714,
          0.22513004,
          -0.5145517,
          0,
          -0.028646365,
          0.021943804,
          -0.098154426,
          1
        ]
      },
      {
        "date" : 743153797.138843,
        "title" : "Untitled",
        "transform" : [
          -0.528109,
          -1.5841635e-09,
          0.8491766,
          0,
          0.19117516,
          0.9743287,
          0.1188932,
          0,
          -0.82737714,
          0.22513004,
          -0.5145517,
          0,
          -0.066231824,
          0.0039751334,
          -0.04558033,
          1
        ]
      },
      {
        "date" : 743153697.831516,
        "title" : "Untitled",
        "transform" : [
          -0.09692512,
          -3.2984744e-09,
          0.9952917,
          0,
          0.11144582,
          0.99371123,
          0.010852995,
          0,
          -0.9890325,
          0.11197302,
          -0.096315525,
          0,
          -0.07950109,
          -0.005256299,
          -0.011487864,
          1
        ]
      },
      {
        "date" : 743153687.342903,
        "title" : "Untitled",
        "transform" : [
          -0.09692511,
          -7.723836e-09,
          0.9952917,
          0,
          0.111445814,
          0.99371123,
          0.010853001,
          0,
          -0.98903257,
          0.11197302,
          -0.09631557,
          0,
          -0.1260379,
          0.0024805104,
          -0.012274023,
          1
        ]
      }
    ],
    "F4F519FB-1820-4063-B64D-05A2946127A2" : [
      {
        "date" : 743594918.327828,
        "title" : "Untitled",
        "transform" : [
          0.99922603,
          -4.720333e-10,
          0.039337777,
          0,
          0.018800426,
          0.8784017,
          -0.47755313,
          0,
          -0.034554366,
          0.47792307,
          0.87772185,
          0,
          0.020954845,
          0.262026,
          0.42625812,
          1
        ]
      },
      {
        "date" : 743594909.770266,
        "title" : "Untitled",
        "transform" : [
          0.99922603,
          -4.720333e-10,
          0.039337777,
          0,
          0.018800426,
          0.8784017,
          -0.47755313,
          0,
          -0.034554366,
          0.47792307,
          0.87772185,
          0,
          -0.017064037,
          0.23812114,
          0.43777776,
          1
        ]
      },
      {
        "date" : 743594889.77108,
        "title" : "Untitled",
        "transform" : [
          0.9999918,
          4.4726395e-10,
          0.004074085,
          0,
          0.0028808124,
          0.7071068,
          -0.70710087,
          0,
          -0.0028808136,
          0.70710677,
          0.707101,
          0,
          -0.0012667445,
          0.3524385,
          0.3527431,
          1
        ]
      },
      {
        "date" : 743594841.411411,
        "title" : "Untitled",
        "transform" : [
          0.9999918,
          4.4726395e-10,
          0.004074085,
          0,
          0.0028808124,
          0.7071068,
          -0.70710087,
          0,
          -0.0028808136,
          0.70710677,
          0.707101,
          0,
          -0.0003887376,
          0.10815606,
          0.10824953,
          1
        ]
      },
      {
        "date" : 743594819.633,
        "title" : "Untitled",
        "transform" : [
          0.9999918,
          4.1994885e-10,
          0.004074085,
          0,
          0.0028808126,
          0.7071068,
          -0.70710087,
          0,
          -0.0028808138,
          0.70710677,
          0.707101,
          0,
          -0.0003887396,
          0.08633607,
          0.04906952,
          1
        ]
      },
      {
        "date" : 743594818.129215,
        "title" : "Untitled",
        "transform" : [
          0.9999918,
          4.1994885e-10,
          0.0040740855,
          0,
          0.0028808126,
          0.7071068,
          -0.70710087,
          0,
          -0.0028808138,
          0.70710677,
          0.707101,
          0,
          -0.00038873364,
          0.108156085,
          0.064517535,
          1
        ]
      },
      {
        "date" : 743594816.052809,
        "title" : "Untitled",
        "transform" : [
          0.9999918,
          1.8711821e-10,
          0.0040740855,
          0,
          0.0028808129,
          0.7071068,
          -0.70710087,
          0,
          -0.0028808138,
          0.70710677,
          0.707101,
          0,
          -0.00038863253,
          0.08633602,
          0.049069524,
          1
        ]
      },
      {
        "date" : 743594641.763121,
        "title" : "Untitled",
        "transform" : [
          0.9999918,
          7.070289e-11,
          0.0040740855,
          0,
          0.0028808129,
          0.7071068,
          -0.70710087,
          0,
          -0.0028808136,
          0.70710677,
          0.707101,
          0,
          -0.0055384585,
          1.541085,
          1.5424174,
          1
        ]
      },
      {
        "date" : 743594631.823956,
        "title" : "Untitled",
        "transform" : [
          0.9999918,
          7.070289e-11,
          0.0040740855,
          0,
          0.0028808129,
          0.7071068,
          -0.70710087,
          0,
          -0.0028808136,
          0.70710677,
          0.707101,
          0,
          -0.00038869865,
          0.108156025,
          0.108249545,
          1
        ]
      },
      {
        "date" : 743594585.562295,
        "title" : "Untitled",
        "transform" : [
          0.9999917,
          0,
          0.0040740855,
          0,
          0.002880813,
          0.7071069,
          -0.70710087,
          0,
          -0.002880814,
          0.7071067,
          0.70710105,
          0,
          0.017351557,
          0.7123822,
          0.62117517,
          1
        ]
      }
    ]
  },
  "sceneViewportBackgroundColors" : {

  },
  "selectedSceneRelativePath" : "ConnectableCube.usda"
}